110010110110001010101100110001101000000110100011
001101011010010010101111001001011110000110011010
111100110000110010000010011001010001010001000011
011110001010101010110100110011101000000001101110
100101001011010000011110000001001101111111001100
011001100000011001110110000110001001010011110001
111011101101100000100100110010111100110000100001
100010101010001101111010000010100110111100011000
111000111100001011010111100101000001110000110011
001111011101001110000010100011110000101001110100
001100100001000111111011000100011110101111010000
101111010100000001010101001100011000010000010101
000001110100101110011100110010110010010010000110
000111100011000110110101001011000110001110001101
100111110000110001101001001100100101000011000111
010010011010100110011011011010100010100101010110
